version: 1	
n_points:  68	
{	
359.102 259.011	
363.064 276.393	
371.879 294.275	
380.95 310.63	
392.659 325.373	
407.598 339.441	
430.414 348.865	
449.479 351.068	
469.528 351.41	
483.461 342.228	
494.749 327.394	
503.904 312.898	
507.213 292.93	
505.916 273.577	
503.132 255.743	
499.62 234.039	
494.179 213.803	
356.724 233.674	
361.991 217.355	
375.225 208.71	
392.634 207.377	
411.36 209.716	
431.243 200.833	
440.836 191.076	
454.363 193.042	
466.286 197.265	
477.048 202.602	
425.339 223.699	
427.507 237.482	
430.13 249.391	
434.208 263.028	
419.918 276.036	
429.668 277.975	
440.868 279.619	
447.409 272.99	
453.957 266.983	
379.678 239.125	
387.745 240.333	
397.807 238.261	
405.755 234.762	
398.542 238.44	
389.035 240.754	
447.273 227.757	
454.234 229.635	
462.72 229.118	
471.01 225.144	
463.873 229.625	
455.588 230.325	
422.303 302.647	
429.362 292.321	
438.904 288.464	
447.361 289.599	
455.643 285.951	
470.509 286.746	
484.574 292.06	
476.516 307.266	
464.328 315.803	
455.447 317.568	
446.221 317.173	
434.424 310.504	
426.767 301.027	
440.665 294.605	
448.787 294.381	
457.726 291.856	
480.541 292.252	
461.789 304.565	
452.887 306.713	
444.456 306.362	
}