version: 1	
n_points:  68	
{	
380.206 229.382	
379.284 246.073	
380.384 264.049	
384.366 280.389	
388.3 294.649	
393.542 310.439	
398.564 325.906	
405.578 342.871	
424.223 350.226	
449.037 350.007	
467.918 340.406	
485.173 327.845	
501.716 314.475	
515.715 300.834	
526.247 282.695	
528.281 258.735	
526.1 235.166	
372.928 205.029	
379.876 199.59	
388.973 198.805	
400.177 205.57	
411.145 215.482	
438.259 214.938	
453.097 208.186	
469.936 203.516	
485.579 204.205	
501.518 208.521	
425.253 230.562	
421.94 246.81	
418.787 262.648	
416.087 278.432	
406.425 281.481	
412.59 285.683	
419.636 288.514	
429.497 286.813	
440.295 284.083	
387.703 225.095	
395.416 218.257	
404.381 220.275	
413.443 228.97	
402.975 228.208	
394.431 227.988	
449.623 232.319	
461.067 224.195	
474.269 225.308	
485.246 231.778	
475.116 235.549	
461.308 234.539	
397.569 301.255	
402.41 296.887	
412.633 295.771	
421.509 299.234	
431.421 298.572	
447.517 301.568	
461.333 306.082	
447.19 317.751	
431.333 325.796	
420.956 325.992	
410.631 323.324	
402.088 315.264	
400.657 302.547	
413.035 305.199	
422.185 306.192	
431.725 306.675	
454.521 306.538	
431.063 311.928	
421.377 311.673	
411.782 310.645	
}